1
9
11
12
15
22
23
24
25
26
43
44
47
50
52
60
62
63
80
82
88
94
96
100
101
103
109
118
129
135
136
142
145
147
150
151
152
154
162
163
166
168
170
173
184
188
189
190
194
197
202
204
214
220
232
238
239
241
242
244
251
252
254
264
274
276
279
284
286
287
288
293
301
303
306
308
313
317
320
321
323
327
328
330
331
355
356
357
365
371
373
375
381
382
385
388
390
391
392
394
400
401
408
415
417
418
421
422
423
424
425
432
434
435
444
448
450
454
459
466
470
473
475
478
479
481
482
488
490
491
493
494
497
498
