1
7
9
11
12
15
17
22
23
24
25
26
31
32
33
34
41
43
44
47
49
50
52
55
60
62
63
64
67
68
69
71
73
75
78
80
82
84
85
88
89
92
93
94
96
100
101
103
104
109
110
112
118
123
124
125
126
129
130
131
134
135
136
137
138
140
142
145
147
150
151
152
153
154
155
158
159
162
163
165
166
168
170
173
179
183
184
186
188
189
190
194
195
197
200
201
202
204
210
213
214
215
216
217
219
220
222
224
228
229
230
231
232
235
236
238
239
240
241
242
244
245
248
249
250
251
252
254
257
263
264
271
272
273
274
276
277
279
280
281
282
284
285
286
287
288
291
292
293
294
297
298
299
300
301
302
303
305
306
308
311
313
315
317
320
321
323
324
327
328
329
330
331
332
333
335
341
346
349
352
353
354
355
356
357
359
361
364
365
366
367
371
373
375
376
379
380
381
382
383
385
388
390
391
392
394
398
400
401
403
405
407
408
409
412
414
415
417
418
419
421
422
423
424
425
428
431
432
434
435
436
441
442
443
444
445
446
448
450
454
459
460
461
465
466
468
470
473
475
478
479
481
482
488
490
491
493
494
495
497
498
499
